0 0 0 0 0 0 0 0 0 0 0 0 0 0 0 0 0 0 0 0 0 0 0 0 0 0 0 0 0 0 0 0 0 0 0 0 0 0 0 0 0 0 0 0 0 0 0 0 0 0 
0 0 0 0 0 0 0 0 0 0 0 0 0 0 0 0 0 0 0 0 0 0 0 0 0 0 0 0 0 0 0 0 0 0 0 0 0 0 0 0 0 0 0 0 0 0 0 0 0 0 
0 0 0 0 0 0 0 0 0 0 0 0 0 0 0 0 0 0 0 0 0 0 0 0 0 0 0 0 0 0 0 0 0 0 0 0 0 0 0 0 0 0 0 0 0 0 0 0 0 0 
0 0 0 0 0 0 0 0 0 0 0 0 0 0 0 0 0 0 0 0 0 0 0 0 0 0 0 0 0 0 0 0 0 0 0 0 0 0 0 0 0 0 0 0 0 0 0 0 0 0 
0 0 0 0 0 0 0 0 0 0 0 0 0 0 0 0 0 0 0 0 0 0 0 0 0 0 0 0 0 0 0 0 0 0 0 0 0 0 0 0 0 0 0 0 0 0 0 0 0 0 
0 0 0 0 0 0 0 0 0 0 0 0 0 0 0 0 0 0 0 0 0 0 0 0 0 0 0 0 0 0 0 0 0 0 0 0 0 0 0 0 0 0 0 0 0 0 0 0 0 0 
0 0 0 0 0 0 0 40 40 40 40 40 40 40 40 40 40 40 40 40 40 40 40 40 40 40 40 40 40 40 40 40 40 40 40 40 40 40 40 40 40 40 40 0 0 0 0 0 0 0 
0 0 0 0 0 0 0 40 39 39 40 40 40 40 40 40 40 40 40 40 40 40 40 40 40 40 40 40 40 40 40 40 40 40 40 40 40 40 40 40 40 40 40 0 0 0 0 0 0 0 
0 0 0 0 0 0 0 40 39 39 40 40 40 40 40 39 39 39 39 39 39 40 40 40 40 40 40 40 40 40 40 39 39 39 39 39 39 40 40 40 40 40 40 0 0 0 0 0 0 0 
0 0 0 0 0 0 0 40 40 39 40 40 40 40 39 39 39 39 39 39 39 39 40 40 40 40 40 40 40 40 39 39 39 39 40 40 39 40 40 40 40 40 40 0 0 0 0 0 0 0 
0 0 0 0 0 0 0 40 40 39 39 39 39 39 39 39 39 39 39 39 39 39 40 40 40 40 39 39 39 39 39 39 39 40 40 40 39 39 40 40 40 40 40 0 0 0 0 0 0 0 
0 0 0 0 0 0 0 40 40 40 40 40 40 40 39 39 39 39 39 39 39 39 40 40 40 39 39 39 39 39 39 39 40 40 40 40 40 39 40 40 40 40 40 0 0 0 0 0 0 0 
0 0 0 0 0 0 0 40 40 40 40 40 40 40 40 39 39 39 39 39 39 40 40 40 39 39 39 39 39 39 40 40 40 40 40 40 40 39 39 40 40 40 40 0 0 0 0 0 0 0 
0 0 0 0 0 0 0 40 40 40 40 40 40 40 40 40 40 40 39 40 40 40 40 39 39 39 39 40 40 40 40 40 40 40 40 40 39 39 39 39 40 40 40 0 0 0 0 0 0 0 
0 0 0 0 0 0 0 40 40 40 40 40 40 40 40 40 40 40 39 40 40 40 39 39 39 40 40 40 40 40 40 40 40 40 40 39 39 39 39 39 40 40 40 0 0 0 0 0 0 0 
0 0 0 0 0 0 0 40 40 40 40 40 40 40 40 39 39 39 39 39 40 40 39 39 39 40 40 39 40 40 40 40 40 40 40 39 39 39 39 39 39 40 40 0 0 0 0 0 0 0 
0 0 0 0 0 0 0 40 40 40 40 40 40 39 39 39 40 39 39 39 40 40 39 40 40 40 40 39 40 40 40 40 40 40 39 39 39 39 39 39 39 40 40 0 0 0 0 0 0 0 
0 0 0 0 0 0 0 40 39 39 40 40 40 40 40 40 40 40 39 40 40 40 39 40 40 39 39 39 39 39 40 40 39 39 39 40 40 39 39 39 40 40 40 0 0 0 0 0 0 0 
0 0 0 0 0 0 0 40 39 39 39 39 39 40 40 40 40 40 39 40 40 40 39 40 40 39 39 39 39 39 40 39 39 40 40 40 40 40 39 40 40 40 40 0 0 0 0 0 0 0 
0 0 0 0 0 0 0 40 39 39 39 39 39 40 40 40 40 40 39 40 40 40 39 40 40 39 39 39 39 39 39 39 40 40 40 40 40 40 39 40 40 40 40 0 0 0 0 0 0 0 
0 0 0 0 0 0 0 40 39 39 39 39 39 40 40 40 40 40 39 40 40 40 39 40 40 40 39 39 39 39 40 40 40 40 40 40 40 40 39 40 40 40 40 0 0 0 0 0 0 0 
0 0 0 0 0 0 0 40 39 39 39 39 39 40 40 40 40 40 39 40 40 40 39 39 40 40 40 40 40 40 40 40 40 40 40 40 40 40 39 40 40 40 40 0 0 0 0 0 0 0 
0 0 0 0 0 0 0 40 40 40 39 40 40 40 40 40 40 40 39 40 39 39 39 39 40 40 40 40 40 40 40 40 40 40 40 40 40 40 39 40 40 40 40 0 0 0 0 0 0 0 
0 0 0 0 0 0 0 40 40 40 39 40 40 40 40 40 40 40 39 40 40 40 40 40 40 40 40 40 40 40 40 40 40 40 40 40 40 39 39 39 39 40 40 0 0 0 0 0 0 0 
0 0 0 0 0 0 0 40 40 40 39 40 40 40 39 39 39 39 39 39 39 39 40 40 40 40 40 40 40 40 40 40 40 40 39 39 39 39 39 39 39 40 40 0 0 0 0 0 0 0 
0 0 0 0 0 0 0 40 40 40 39 40 40 39 39 42 44 44 44 44 45 39 39 40 40 40 40 40 40 40 40 40 39 39 39 39 39 39 39 39 39 40 40 0 0 0 0 0 0 0
0 0 0 0 0 0 0 40 40 40 39 39 39 39 39 50 49 49 49 49 51 39 39 40 40 40 40 40 40 40 40 40 39 39 39 39 39 39 39 39 39 40 40 0 0 0 0 0 0 0
0 0 0 0 0 0 0 40 40 40 39 39 39 39 39 46 47 47 47 47 48 39 39 40 40 40 40 40 40 40 40 40 39 39 39 39 39 39 39 39 39 40 40 0 0 0 0 0 0 0
0 0 0 0 0 0 0 40 40 40 40 40 40 40 39 39 39 39 39 39 39 39 39 39 39 39 39 39 39 39 39 39 39 39 39 39 39 40 40 39 39 40 40 0 0 0 0 0 0 0 
0 0 0 0 0 0 0 40 40 40 40 40 40 40 40 40 40 39 40 40 40 40 40 40 40 40 39 40 40 40 40 40 39 39 39 40 40 40 40 39 39 40 40 0 0 0 0 0 0 0
0 0 0 0 0 0 0 40 40 40 40 40 40 40 40 40 40 39 40 40 40 40 40 40 40 40 39 40 40 40 40 40 40 40 40 40 40 40 39 39 39 40 40 0 0 0 0 0 0 0
0 0 0 0 0 0 0 40 40 40 40 40 40 40 40 40 40 39 40 40 40 40 40 40 40 40 39 40 40 40 40 40 40 40 40 40 40 40 40 39 39 40 40 0 0 0 0 0 0 0
0 0 0 0 0 0 0 40 40 40 40 40 40 40 40 40 40 39 39 40 40 40 40 40 40 40 39 40 40 40 40 40 40 40 40 40 40 40 40 40 40 40 40 0 0 0 0 0 0 0
0 0 0 0 0 0 0 40 40 40 40 40 40 40 40 40 40 40 39 40 40 40 40 40 40 39 39 39 40 40 40 40 40 40 40 40 40 40 40 40 40 40 40 0 0 0 0 0 0 0
0 0 0 0 0 0 0 40 40 40 40 40 40 40 40 40 40 40 39 40 40 40 40 40 40 39 39 39 40 40 40 40 40 40 40 40 40 40 40 40 40 40 40 0 0 0 0 0 0 0
0 0 0 0 0 0 0 40 40 40 40 40 40 40 40 39 39 39 39 39 39 40 40 40 40 40 40 40 40 40 40 40 40 40 40 40 40 40 40 40 40 40 40 0 0 0 0 0 0 0 
0 0 0 0 0 0 0 40 40 40 40 40 40 40 40 39 39 39 39 39 39 40 40 40 40 40 40 40 40 40 40 40 40 40 40 40 40 40 40 40 40 40 40 0 0 0 0 0 0 0 
0 0 0 0 0 0 0 40 40 39 39 39 39 39 39 39 39 39 39 39 39 40 40 40 40 40 40 40 40 40 40 40 40 40 40 40 39 39 39 39 39 40 40 0 0 0 0 0 0 0 
0 0 0 0 0 0 0 40 40 39 40 40 40 40 40 39 39 39 39 39 39 40 40 40 40 40 40 40 40 40 40 40 39 39 39 39 39 39 40 40 39 40 40 0 0 0 0 0 0 0 
0 0 0 0 0 0 0 40 40 39 40 40 40 40 40 39 39 39 39 39 39 40 40 40 40 40 40 40 40 40 40 39 39 39 39 39 39 40 40 40 39 40 40 0 0 0 0 0 0 0 
0 0 0 0 0 0 0 40 39 39 39 40 40 40 40 39 39 39 39 39 39 39 39 39 39 39 39 39 39 39 39 39 39 39 39 39 39 40 40 40 39 40 40 0 0 0 0 0 0 0 
0 0 0 0 0 0 0 40 39 39 39 40 40 40 40 40 40 40 40 40 40 40 40 40 40 40 40 40 40 40 40 40 39 39 39 39 39 40 40 40 39 40 40 0 0 0 0 0 0 0 
0 0 0 0 0 0 0 40 39 39 39 40 40 40 40 40 40 40 40 40 40 40 40 40 40 40 40 40 40 40 40 40 40 40 40 40 40 40 40 40 40 40 40 0 0 0 0 0 0 0 
0 0 0 0 0 0 0 40 40 40 40 40 40 40 40 40 40 40 40 40 40 40 40 40 40 40 40 40 40 40 40 40 40 40 40 40 40 40 40 40 40 40 40 0 0 0 0 0 0 0 
0 0 0 0 0 0 0 0 0 0 0 0 0 0 0 0 0 0 0 0 0 0 0 0 0 0 0 0 0 0 0 0 0 0 0 0 0 0 0 0 0 0 0 0 0 0 0 0 0 0 
0 0 0 0 0 0 0 0 0 0 0 0 0 0 0 0 0 0 0 0 0 0 0 0 0 0 0 0 0 0 0 0 0 0 0 0 0 0 0 0 0 0 0 0 0 0 0 0 0 0 
0 0 0 0 0 0 0 0 0 0 0 0 0 0 0 0 0 0 0 0 0 0 0 0 0 0 0 0 0 0 0 0 0 0 0 0 0 0 0 0 0 0 0 0 0 0 0 0 0 0 
0 0 0 0 0 0 0 0 0 0 0 0 0 0 0 0 0 0 0 0 0 0 0 0 0 0 0 0 0 0 0 0 0 0 0 0 0 0 0 0 0 0 0 0 0 0 0 0 0 0 
0 0 0 0 0 0 0 0 0 0 0 0 0 0 0 0 0 0 0 0 0 0 0 0 0 0 0 0 0 0 0 0 0 0 0 0 0 0 0 0 0 0 0 0 0 0 0 0 0 0 
0 0 0 0 0 0 0 0 0 0 0 0 0 0 0 0 0 0 0 0 0 0 0 0 0 0 0 0 0 0 0 0 0 0 0 0 0 0 0 0 0 0 0 0 0 0 0 0 0 0 
